94002
94005
94010
94011
94014
94015
94016
94017
94018
94019
94020
94021
94022
94023
94024
94025
94026
94027
94028
94030
94035
94037
94038
94039
94040
94041
94042
94043
94044
94060
94061
94062
94063
94064
94065
94066
94070
94074
94080
94083
94085
94086
94087
94088
94089
94102
94103
94104
94105
94107
94108
94109
94110
94111
94112
94114
94115
94116
94117
94118
94119
94120
94121
94122
94123
94124
94125
94126
94127
94128
94129
94130
94131
94132
94133
94134
94137
94139
94140
94141
94142
94143
94144
94145
94146
94147
94151
94158
94159
94160
94161
94163
94164
94172
94177
94188
94301
94302
94303
94304
94305
94306
94309
94401
94402
94403
94404
94497
94501
94502
94503
94508
94515
94536
94537
94538
94539
94540
94541
94542
94543
94544
94545
94546
94550
94551
94552
94555
94557
94558
94559
94560
94562
94566
94567
94568
94573
94574
94576
94577
94578
94579
94580
94581
94586
94587
94588
94599
94601
94602
94603
94604
94605
94606
94607
94608
94609
94610
94611
94612
94613
94614
94615
94617
94618
94619
94620
94621
94622
94623
94624
94649
94659
94660
94661
94662
94666
94701
94702
94703
94704
94705
94706
94707
94708
94709
94710
94712
94720
95002
95008
95009
95011
95013
95014
95015
95020
95021
95026
95030
95031
95032
95035
95036
95037
95038
95042
95044
95046
95050
95051
95052
95053
95054
95055
95056
95070
95071
95101
95103
95106
95108
95109
95110
95111
95112
95113
95115
95116
95117
95118
95119
95120
95121
95122
95123
95124
95125
95126
95127
95128
95129
95130
95131
95132
95133
95134
95135
95136
95138
95139
95140
95141
95148
95150
95151
95152
95153
95154
95155
95156
95157
95158
95159
95160
95161
95164
95170
95172
95173
95190
95191
95192
95193
95194
95196